376.991118430775	3	18.8495559215388	0.01
691.150383789755	3	18.8495559215388	0.01
1319.46891450771	2.6	16.3362817986669	0.01
2136.28300444106	2.2	13.8230076757951	0.01
2576.10597594363	2	12.5663706143592	0.01
3015.9289474462	1.8	11.3097335529233	0.01
4021.23859659494	1.5	9.42477796076938	0.01
4523.8934211693	1.4	8.79645943005142	0.01
5529.20307031804	1.1	6.91150383789755	0.01
6157.52160103599	1	6.28318530717959	0.01
10681.4150222053	0.6	3.76991118430775	0.01
15707.963267949	0.6	3.76991118430775	0.01
22619.4671058465	0.4	2.51327412287183	0.01
 
